100
1 45 80
2 32 60
3 12 30
4 78 95
5 65 70
6 51 45
7 26 35
8 87 100
9 37 50
10 44 55
11 19 25
12 63 75
13 58 65
14 29 40
15 93 110
16 38 50
17 22 30
18 17 20
19 72 85
20 84 90
21 33 45
22 55 65
23 42 55
24 28 35
25 79 95
26 36 45
27 47 60
28 16 20
29 91 105
30 68 80
31 39 50
32 21 30
33 67 75
34 24 35
35 49 60
36 73 85
37 59 70
38 54 65
39 18 25
40 88 100
41 31 40
42 76 90
43 27 35
44 61 75
45 13 20
46 82 95
47 48 60
48 74 85
49 41 50
50 62 70
51 35 45
52 23 30
53 89 100
54 14 20
55 97 110
56 43 55
57 71 80
58 53 65
59 25 35
60 64 75
61 37 45
62 81 95
63 58 70
64 86 100
65 69 80
66 33 40
67 52 60
68 15 20
69 99 110
70 46 55
71 77 90
72 93 105
73 28 35
74 66 75
75 18 20
76 95 105
77 56 65
78 75 85
79 83 95
80 19 25
81 85 100
82 34 40
83 92 105
84 63 75
85 47 55
86 72 85
87 57 65
88 39 45
89 88 100
90 71 80
91 96 110
92 54 60
93 31 35
94 67 75
95 82 95
96 48 55
97 79 90
98 16 20
99 98 110
100 41 45
12000
